0678
0094
0161
0848
0419
0389
0259
0233
0675
0792
0703
0058
0760
0606
0695
0007
0794
0896
0576
0822
0436
0819
0826
0106
0904
0983
0457
0074
0833
0031
0121
0254
0827
0467
0080
0895
0669
0957
0063
0886
0931
0524
0135
0393
0364
0676
0814
0492
0321
0987
0553
0361
0976
0988
0588
0066
0069
0313
0330
0902
0661
0650
0312
0183
0449
0472
0950
0750
0372
0131
0585
0258
0355
0216
0065
0456
0546
0093
0470
0635
0004
0863
0274
0156
0947
0756
0357
0572
0711
0900
0099
0347
0693
0185
0702
0195
0799
0686
0444
0877
0119
0016
0679
0995
0463
0639
0787
0390
0362
0086
0854
0602
0095
0418
0836
0578
0433
0901
0630
0975
0615
0253
0411
0289
0464
0562
0172
0105
0465
0878
0454
0261
0223
0941
0422
0224
0540
0273
0614
0707
0022
0428
0175
0322
0035
0382
0644
0649
0780
0453
